0      1        1.5     1.5     4       0        2.25     0.25
1      0        2.25   2.75   3       1.5     0          0.25
1.5   2.25   0        1.5     0        0       0.5       0.25
1.5   2.75   1.5      0       3        0.5    0.25     0.25
4      3        0        3        0        1.5    0          0.25
0      1.5     0        0.5     1.5     0       0           0.25
2.25  0       0.5     0.25    0       0       0           0.25
0.25  0.25  0.25   0.25    0.25  0.25  0.25       0.25